(0.313,0.313) (0.297,0.445) (0.281,0.563) (0.266,0.664) (0.250,0.750) (0.234,0.820) (0.219,0.875) (0.203,0.914) (0.188,0.938) (0.172,0.945)  (0.156,0.938)
(0.445,0.297) (0.422,0.422) (0.398,0.531) (0.375,0.625) (0.352,0.703) (0.328,0.766) (0.305,0.813) (0.281,0.844) (0.258,0.859) (0.234,0.859)  (0.211,0.844)
(0.563,0.281) (0.531,0.398) (0.500,0.500) (0.469,0.586) (0.438,0.656) (0.406,0.711) (0.375,0.750) (0.344,0.773) (0.313,0.781) (0.281,0.773)  (0.250,0.750)
(0.664,0.266) (0.625,0.375) (0.586,0.469) (0.547,0.547) (0.508,0.609) (0.469,0.656) (0.430,0.688) (0.391,0.703) (0.352,0.703) (0.313,0.688)  (0.273,0.656)
(0.750,0.250) (0.703,0.352) (0.656,0.438) (0.609,0.508) (0.563,0.563) (0.516,0.602) (0.469,0.625) (0.422,0.633) (0.375,0.625) (0.328,0.602)  (0.281,0.563)
(0.820,0.234) (0.766,0.328) (0.711,0.406) (0.656,0.469) (0.602,0.516) (0.547,0.547) (0.492,0.563) (0.438,0.563) (0.383,0.547) (0.328,0.516)  (0.273,0.469)
(0.875,0.219) (0.813,0.305) (0.750,0.375) (0.688,0.430) (0.625,0.469) (0.563,0.492) (0.500,0.500) (0.438,0.492) (0.375,0.469) (0.313,0.430)  (0.250,0.375)
(0.914,0.203) (0.844,0.281) (0.773,0.344) (0.703,0.391) (0.633,0.422) (0.563,0.438) (0.492,0.438) (0.422,0.422) (0.352,0.391) (0.281,0.344)  (0.211,0.281)
(0.938,0.188) (0.859,0.258) (0.781,0.313) (0.703,0.352) (0.625,0.375) (0.547,0.383) (0.469,0.375) (0.391,0.352) (0.313,0.313) (0.234,0.258)  (0.156,0.188)
(0.945,0.172) (0.859,0.234) (0.773,0.281) (0.688,0.313) (0.602,0.328) (0.516,0.328) (0.430,0.313) (0.344,0.281) (0.258,0.234) (0.172,0.172)  (0.0859,0.0938)
(0.938,0.156) (0.844,0.211) (0.750,0.250) (0.656,0.273) (0.563,0.281) (0.469,0.273) (0.375,0.250) (0.281,0.211) (0.188,0.156) (0.0938,0.0859) (0,0)